number: 4
RandomSampler: [3783, 8552, 11472, 14160]
UniformSampler: [7168, 7232, 14272, 14336]
LHSampler: [2115, 6654, 12341, 16296]
ConditionNumberSampler: [10598, 10614, 10813, 11009]
DeterminantBasedSampler: [9610, 10420, 11001, 11916]
EnhancedClusteringSampler: [8123, 10954, 11551, 12888]
CorrelationClusteringSampler: [10024, 10954, 11657, 14220]

number: 8
RandomSampler: [2798, 3783, 4707, 8552, 11472, 13390, 14160, 15097]
UniformSampler: [7142, 7180, 7218, 7256, 14246, 14284, 14322, 14360]
LHSampler: [1688, 4826, 5868, 8722, 12408, 15608, 17854, 19010]
ConditionNumberSampler: [6643, 10429, 10627, 10667, 10790, 11024, 11029, 11230]
DeterminantBasedSampler: [9418, 10421, 10427, 10611, 10801, 10805, 10809, 10813]
EnhancedClusteringSampler: [8666, 8687, 8902, 9310, 10953, 12345, 12512, 12753]
CorrelationClusteringSampler: [9563, 10428, 11161, 11178, 11991, 12166, 13653, 14673]

number: 16
RandomSampler: [596, 625, 2779, 2798, 3783, 4707, 8552, 10629, 11472, 12234, 13390, 14160, 15097, 18515, 19250, 21439]
UniformSampler: [4262, 4300, 4338, 4376, 8486, 8524, 8562, 8600, 12710, 12748, 12786, 12824, 16934, 16972, 17010, 17048]
LHSampler: [837, 2134, 2912, 4104, 5863, 7674, 8410, 9444, 11683, 12721, 14332, 15536, 16265, 18523, 19587, 20085]
ConditionNumberSampler: [6456, 6460, 10101, 10429, 10557, 10627, 10667, 10672, 10694, 10790, 10851, 11024, 11029, 11230, 11609, 15299]
DeterminantBasedSampler: [8115, 8468, 8868, 9310, 9415, 9485, 10428, 11161, 11178, 11643, 11816, 11911, 11991, 12166, 13109, 13653]
EnhancedClusteringSampler: [6366, 8468, 8767, 9310, 9485, 9770, 10124, 10428, 11178, 11643, 12166, 12443, 12650, 13109, 14913, 20058]


number: 32
RandomSampler: [596, 625, 945, 1604, 2548, 2779, 2798, 3244, 3783, 4707, 4733, 6251, 6974, 8552, 10125, 10629, 11336, 11472, 12175, 12234, 13310, 13390, 14160, 15097, 15156, 17539, 18515, 18677, 19250, 19988, 20836, 21439]
UniformSampler: [4245, 4266, 4287, 4308, 4329, 4350, 4371, 4392, 8469, 8490, 8511, 8532, 8553, 8574, 8595, 8616, 12693, 12714, 12735, 12756, 12777, 12798, 12819, 12840, 16917, 16938, 16959, 16980, 17001, 17022, 17043, 17064]
LHSampler: [458, 796, 1985, 2086, 3241, 3642, 4101, 5143, 5808, 6325, 6647, 7606, 8202, 8966, 9698, 10385, 11056, 11766, 12132, 13229, 13832, 14050, 14721, 15594, 16338, 16864, 17757, 18580, 19278, 19588, 20628, 21035]
ConditionNumberSampler: [6090, 6456, 6460, 6482, 6643, 7022, 7039, 7050, 7054, 7417, 10040, 10101, 10252, 10429, 10557, 10627, 10667, 10672, 10694, 10790, 10851, 11024, 11029, 11230, 11609, 14526, 14558, 14887, 15279, 15299, 15319, 15487]
DeterminantBasedSampler: [7600, 7605, 7767, 8638, 8940, 9469, 9836, 10032, 10040, 10050, 10055, 10064, 10252, 10420, 10429, 10627, 10988, 10992, 11001, 11007, 11016, 11029, 11382, 11570, 11588, 11771, 11776, 11916, 12168, 13371, 13538, 13942]
EnhancedClusteringSampler: [6803, 7056, 7362, 8115, 8441, 8468, 8767, 8868, 9310, 9327, 9415, 9485, 9563, 9770, 10124, 10428, 11161, 11178, 11643, 11705, 11816, 11911, 11991, 12166, 12443, 12650, 12811, 13109, 13653, 14052, 14322, 14497]
CorrelationClusteringSampler: [6274, 6803, 7056, 7362, 8115, 8441, 8767, 8868, 9310, 9327, 9415, 9485, 9563, 9770, 10124, 10428, 11161, 11178, 11643, 11705, 11816, 11911, 11991, 12166, 12443, 12650, 12811, 13109, 14322, 14497, 14673, 17479]

number: 64
RandomSampler: [300, 484, 596, 625, 875, 945, 1296, 1604, 2548, 2729, 2779, 2798, 3244, 3782, 3783, 3903, 4707, 4733, 5240, 5265, 5418, 5492, 6251, 6639, 6974, 7002, 7432, 8053, 8552, 9014, 9912, 10125, 10251, 10629, 11336, 11341, 11472, 11485, 12175, 12234, 12395, 12893, 13160, 13310, 13327, 13390, 14160, 14253, 14515, 15097, 15156, 16518, 17539, 18111, 18297, 18515, 18677, 19044, 19250, 19988, 20624, 20627, 20836, 21439]
UniformSampler: [2325, 2346, 2367, 2388, 2409, 2430, 2451, 2472, 4629, 4650, 4671, 4692, 4713, 4734, 4755, 4776, 6933, 6954, 6975, 6996, 7017, 7038, 7059, 7080, 9237, 9258, 9279, 9300, 9321, 9342, 9363, 9384, 11541, 11562, 11583, 11604, 11625, 11646, 11667, 11688, 13845, 13866, 13887, 13908, 13929, 13950, 13971, 13992, 16149, 16170, 16191, 16212, 16233, 16254, 16275, 16296, 18453, 18474, 18495, 18516, 18537, 18558, 18579, 18600]
LHSampler: [111, 440, 945, 1021, 1518, 1730, 2000, 2374, 3023, 3078, 3562, 3707, 4258, 4432, 4866, 5356, 5440, 5885, 5955, 6460, 6635, 7338, 7437, 7882, 8329, 8628, 8687, 9304, 9400, 9754, 10060, 10386, 10793, 11252, 11549, 11844, 12134, 12409, 12695, 13147, 13607, 13746, 14258, 14496, 14972, 15076, 15490, 16039, 16264, 16672, 16697, 17257, 17292, 17758, 17935, 18584, 18868, 19164, 19232, 19731, 20185, 20514, 20874, 21206]
ConditionNumberSampler: [4792, 5167, 5339, 5757, 5757, 5923, 5927, 6090, 6090, 6101, 6127, 6273, 6278, 6456, 6460, 6482, 6643, 7022, 7039, 7050, 7054, 7417, 10040, 10101, 10252, 10429, 10557, 10627, 10667, 10667, 10672, 10672, 10694, 10735, 10735, 10735, 10735, 10790, 10851, 10851, 10911, 10911, 10919, 11024, 11024, 11024, 11024, 11024, 11029, 11230, 11609, 14526, 14558, 14887, 15279, 15299, 15314, 15319, 15319, 15333, 15487, 16286, 16294, 16313]
DeterminantBasedSampler: [9215, 9398, 9418, 9575, 9775, 9857, 9862, 10022, 10028, 10033, 10040, 10046, 10221, 10223, 10227, 10234, 10236, 10240, 10243, 10417, 10421, 10427, 10431, 10436, 10441, 10605, 10607, 10611, 10615, 10616, 10622, 10625, 10629, 10631, 10801, 10802, 10804, 10805, 10809, 10813, 10990, 10992, 10998, 11003, 11007, 11010, 11011, 11119, 11178, 11181, 11186, 11188, 11192, 11204, 11209, 11303, 11386, 11390, 11393, 11398, 11912, 11914, 12287, 12471]
EnhancedClusteringSampler: [8098, 8126, 8488, 8499, 8520, 8656, 8663, 8861, 8899, 8910, 8924, 9032, 9125, 9262, 9275, 9301, 9635, 9653, 9805, 9812, 9887, 9986, 10025, 10049, 10056, 10063, 10091, 10204, 10264, 10311, 10469, 10569, 10608, 10808, 10967, 10979, 11027, 11199, 11227, 11331, 11370, 11398, 11405, 11425, 11816, 11914, 11925, 11933, 11955, 11962, 11989, 12207, 12324, 12354, 12496, 12552, 12571, 12716, 12770, 12943, 13080, 13116, 13301, 13471]
CorrelationClusteringSampler: [4396, 5318, 5504, 5504, 5709, 5756, 5756, 5850, 5883, 5883, 5916, 6049, 6120, 6133, 6484, 6497, 6974, 7100, 7364, 7453, 7462, 7622, 7638, 8098, 8656, 9805, 10049, 10091, 10311, 10469, 10551, 11282, 11452, 11844, 12496, 13080, 13080, 13471, 13573, 14177, 14177, 14267, 14759, 14907, 14920, 14931, 14939, 14939, 15342, 15342, 15349, 15692, 15740, 15740, 15740, 15740, 15862, 15862, 15862, 15871, 15871, 15895, 16105, 16285]

number: 128
RandomSampler: [275, 300, 352, 397, 484, 565, 596, 625, 875, 945, 1070, 1090, 1296, 1436, 1604, 1998, 2028, 2085, 2131, 2548, 2729, 2779, 2798, 3148, 3244, 3323, 3364, 3782, 3783, 3903, 4570, 4707, 4733, 5240, 5265, 5418, 5492, 5844, 6181, 6251, 6333, 6639, 6974, 7002, 7432, 7461, 7781, 8053, 8091, 8233, 8402, 8552, 8560, 8692, 8918, 9014, 9428, 9687, 9912, 9924, 9967, 10125, 10220, 10251, 10499, 10629, 10922, 11336, 11341, 11472, 11485, 12017, 12120, 12171, 12175, 12234, 12330, 12363, 12395, 12856, 12893, 12996, 13160, 13198, 13264, 13310, 13327, 13390, 13825, 14125, 14160, 14253, 14299, 14429, 14515, 14679, 14992, 15016, 15097, 15137, 15156, 15612, 15684, 15706, 16518, 17539, 17554, 18111, 18116, 18297, 18515, 18677, 18733, 19044, 19250, 19384, 19846, 19988, 20255, 20319, 20530, 20570, 20622, 20624, 20627, 20836, 21029, 21439]
UniformSampler: [2315, 2326, 2337, 2348, 2359, 2370, 2381, 2392, 2403, 2414, 2425, 2436, 2447, 2458, 2469, 2480, 4619, 4630, 4641, 4652, 4663, 4674, 4685, 4696, 4707, 4718, 4729, 4740, 4751, 4762, 4773, 4784, 6923, 6934, 6945, 6956, 6967, 6978, 6989, 7000, 7011, 7022, 7033, 7044, 7055, 7066, 7077, 7088, 9227, 9238, 9249, 9260, 9271, 9282, 9293, 9304, 9315, 9326, 9337, 9348, 9359, 9370, 9381, 9392, 11531, 11542, 11553, 11564, 11575, 11586, 11597, 11608, 11619, 11630, 11641, 11652, 11663, 11674, 11685, 11696, 13835, 13846, 13857, 13868, 13879, 13890, 13901, 13912, 13923, 13934, 13945, 13956, 13967, 13978, 13989, 14000, 16139, 16150, 16161, 16172, 16183, 16194, 16205, 16216, 16227, 16238, 16249, 16260, 16271, 16282, 16293, 16304, 18443, 18454, 18465, 18476, 18487, 18498, 18509, 18520, 18531, 18542, 18553, 18564, 18575, 18586, 18597, 18608]
LHSampler: [137, 221, 338, 475, 613, 949, 1147, 1172, 1399, 1722, 1822, 1965, 2102, 2249, 2307, 2603, 2705, 2877, 2905, 3095, 3327, 3510, 3709, 3919, 4071, 4079, 4459, 4564, 4666, 4946, 5004, 5149, 5244, 5527, 5729, 5914, 6083, 6293, 6419, 6553, 6845, 7028, 7033, 7203, 7460, 7588, 7853, 7858, 7945, 8344, 8368, 8519, 8798, 8929, 9101, 9250, 9290, 9450, 9709, 9861, 9997, 10194, 10318, 10590, 10802, 10839, 11087, 11202, 11432, 11577, 11683, 11888, 11912, 12256, 12399, 12563, 12687, 12916, 13032, 13257, 13296, 13557, 13804, 13829, 14112, 14310, 14332, 14726, 14864, 14939, 15144, 15169, 15275, 15718, 15766, 15923, 15968, 16163, 16438, 16518, 16789, 16845, 17025, 17099, 17333, 17599, 17757, 18033, 18116, 18267, 18362, 18729, 18814, 18949, 19178, 19265, 19392, 19656, 19907, 20008, 20152, 20298, 20466, 20623, 20697, 21018, 21048, 21155]
ConditionNumberSampler: [2863, 4597, 4791, 4792, 4982, 4982, 4982, 4983, 4984, 4984, 4984, 4984, 5341, 5556, 5743, 5743, 5934, 6125, 6125, 6126, 6320, 6512, 7088, 7218, 7271, 7468, 7472, 7583, 10253, 10275, 10277, 10277, 10417, 10421, 10461, 10461, 10461, 10475, 10476, 10535, 10537, 10598, 10611, 10612, 10614, 10615, 10616, 10618, 10619, 10649, 10653, 10672, 10672, 10728, 10736, 10737, 10737, 10738, 10807, 10811, 10813, 10815, 10827, 10834, 10834, 10834, 10873, 10873, 10873, 10896, 10896, 10896, 10936, 10941, 10942, 10943, 11007, 11008, 11009, 11011, 11013, 11021, 11023, 11071, 11072, 11072, 11073, 11073, 11073, 11074, 11074, 11074, 11075, 11080, 11080, 11080, 11080, 11080, 11081, 11206, 11207, 11209, 11209, 11211, 11396, 11397, 11585, 11596, 11632, 11793, 11976, 12479, 12954, 13138, 13625, 14319, 14568, 14580, 14961, 14975, 15357, 16507, 16703, 16703, 16890, 16895, 17087, 17087]
DeterminantBasedSampler: [9209, 9215, 9397, 9398, 9407, 9407, 9416, 9418, 9418, 9575, 9775, 9850, 9852, 9857, 9862, 10022, 10028, 10030, 10033, 10038, 10040, 10046, 10056, 10217, 10220, 10221, 10223, 10227, 10231, 10234, 10236, 10240, 10241, 10243, 10413, 10415, 10417, 10418, 10420, 10421, 10422, 10425, 10427, 10429, 10431, 10434, 10436, 10437, 10441, 10605, 10607, 10608, 10611, 10615, 10615, 10616, 10619, 10622, 10624, 10625, 10629, 10630, 10631, 10796, 10799, 10801, 10801, 10802, 10804, 10805, 10806, 10809, 10810, 10812, 10813, 10990, 10990, 10992, 10995, 10998, 10999, 11000, 11002, 11003, 11006, 11007, 11008, 11010, 11010, 11011, 11012, 11015, 11119, 11178, 11180, 11181, 11184, 11186, 11188, 11192, 11196, 11204, 11205, 11209, 11303, 11374, 11376, 11378, 11382, 11386, 11390, 11393, 11398, 11584, 11587, 11880, 11888, 11912, 11912, 11914, 11914, 12095, 12274, 12282, 12287, 12287, 12471, 12473]
EnhancedClusteringSampler: [7364, 7622, 7735, 7807, 7918, 7978, 7987, 8098, 8126, 8147, 8162, 8237, 8400, 8444, 8488, 8499, 8520, 8570, 8611, 8656, 8663, 8778, 8797, 8821, 8861, 8898, 8910, 8924, 8942, 8963, 8982, 9032, 9125, 9141, 9262, 9275, 9301, 9534, 9577, 9635, 9653, 9776, 9788, 9805, 9812, 9887, 9935, 9986, 10025, 10049, 10056, 10063, 10091, 10098, 10141, 10204, 10264, 10297, 10311, 10326, 10339, 10469, 10551, 10569, 10608, 10689, 10808, 10960, 10967, 10979, 11027, 11054, 11120, 11199, 11227, 11253, 11275, 11282, 11305, 11325, 11331, 11370, 11398, 11405, 11425, 11452, 11483, 11816, 11844, 11875, 11894, 11914, 11925, 11933, 11955, 11962, 11989, 12207, 12324, 12354, 12407, 12440, 12461, 12496, 12552, 12571, 12606, 12617, 12624, 12716, 12770, 12860, 12943, 13023, 13030, 13044, 13080, 13116, 13161, 13169, 13301, 13334, 13471, 13478, 13573, 13699, 13724, 13898]
CorrelationClusteringSampler: [2499, 4396, 4412, 4920, 4920, 4965, 5318, 5318, 5334, 5487, 5504, 5709, 5756, 5756, 5756, 5850, 5850, 5850, 5864, 5864, 5877, 5883, 5916, 5916, 6049, 6120, 6133, 6471, 6471, 6471, 6484, 6484, 6497, 6497, 6894, 6974, 6974, 7100, 7462, 7638, 7638, 7807, 7807, 7918, 8098, 8098, 8098, 8656, 8797, 8861, 8899, 9125, 9653, 9805, 9887, 10025, 10049, 10056, 10063, 10091, 10098, 10264, 10297, 10311, 10551, 10569, 10608, 10689, 11027, 11054, 11227, 11253, 11275, 11275, 11305, 11425, 11452, 11844, 11844, 11989, 12324, 12354, 12440, 12496, 13044, 13080, 13471, 13779, 14062, 14062, 14177, 14267, 14589, 14759, 14759, 14759, 14853, 14907, 14931, 14931, 14939, 14939, 15342, 15342, 15342, 15349, 15349, 15466, 15466, 15466, 15522, 15522, 15522, 15522, 15692, 15740, 15862, 15862, 15871, 15871, 16070, 16105, 16273, 16687, 16694, 16827, 17085, 17450]
